DM target:  34.425
236.86910927036277 -16.92091423700088  ldeg, bdeg
    d       x       y       z       ne         Cn2     w    c   v  t     dm       nea      Fa
  0.000  -0.000   8.500  -0.000   0.0050    4.5905e-07 5    0   0  0    0.000    0.0053    3.70
  0.003  -0.002   8.501  -0.001   0.0050    4.5905e-07 5    0   0  0    0.013    0.0053    3.70
  0.005  -0.004   8.503  -0.001   0.0050    4.5905e-07 5    0   0  0    0.025    0.0053    3.70
  0.008  -0.006   8.504  -0.002   0.0050    4.5905e-07 5    0   0  0    0.038    0.0053    3.70
  0.010  -0.008   8.505  -0.003   0.0050    4.5905e-07 5    0   0  0    0.050    0.0053    3.70
  0.013  -0.010   8.507  -0.004   0.0050    4.5905e-07 5    0   0  0    0.063    0.0053    3.70
  0.015  -0.012   8.508  -0.004   0.0050    4.5905e-07 5    0   0  0    0.075    0.0053    3.70
  0.018  -0.014   8.509  -0.005   0.0050    4.5905e-07 5    0   0  0    0.088    0.0053    3.70
  0.020  -0.016   8.510  -0.006   0.0050    4.5905e-07 5    0   0  0    0.100    0.0053    3.70
  0.023  -0.018   8.512  -0.007   0.0050    4.5905e-07 5    0   0  0    0.113    0.0053    3.70
  0.025  -0.020   8.513  -0.007   0.0050    4.5905e-07 5    0   0  0    0.125    0.0053    3.70
  0.028  -0.022   8.514  -0.008   0.0050    4.5905e-07 5    0   0  0    0.138    0.0053    3.70
  0.030  -0.024   8.516  -0.009   0.0050    4.5905e-07 5    0   0  0    0.150    0.0054    3.70
  0.033  -0.026   8.517  -0.009   0.0050    4.5905e-07 5    0   0  0    0.163    0.0054    3.70
  0.035  -0.028   8.518  -0.010   0.0050    4.5905e-07 5    0   0  0    0.175    0.0054    3.70
  0.038  -0.030   8.520  -0.011   0.0050    4.5905e-07 5    0   0  0    0.188    0.0054    3.70
  0.040  -0.032   8.521  -0.012   0.0050    4.5905e-07 5    0   0  0    0.200    0.0054    3.70
  0.043  -0.034   8.522  -0.012   0.0050    4.5905e-07 5    0   0  0    0.213    0.0054    3.70
  0.045  -0.036   8.524  -0.013   0.0050    4.5905e-07 5    0   0  0    0.225    0.0054    3.70
  0.048  -0.038   8.525  -0.014   0.0160    4.7007e-06 5    0   0  0    0.252    0.0054    3.70
  0.050  -0.040   8.526  -0.015   0.0160    4.7007e-06 5    0   0  0    0.292    0.0054    3.70
  0.053  -0.042   8.527  -0.015   0.0160    4.7007e-06 5    0   0  0    0.332    0.0054    3.70
  0.055  -0.044   8.529  -0.016   0.0160    4.7007e-06 5    0   0  0    0.372    0.0054    3.70
  0.058  -0.046   8.530  -0.017   0.0160    4.7007e-06 5    0   0  0    0.412    0.0054    3.70
  0.060  -0.048   8.531  -0.017   0.0160    4.7007e-06 5    0   0  0    0.452    0.0054    3.70
  0.063  -0.050   8.533  -0.018   0.0160    4.7007e-06 5    0   0  0    0.492    0.0054    3.70
  0.065  -0.052   8.534  -0.019   0.0160    4.7007e-06 5    0   0  0    0.532    0.0054    3.70
  0.068  -0.054   8.535  -0.020   0.0160    4.7007e-06 5    0   0  0    0.572    0.0054    3.70
  0.070  -0.056   8.537  -0.020   0.0160    4.7007e-06 5    0   0  0    0.612    0.0054    3.70
  0.073  -0.058   8.538  -0.021   0.0160    4.7007e-06 5    0   0  0    0.652    0.0054    3.70
  0.075  -0.060   8.539  -0.022   0.0160    4.7007e-06 5    0   0  0    0.692    0.0054    3.70
  0.078  -0.062   8.541  -0.023   0.0160    4.7007e-06 5    0   0  0    0.732    0.0054    3.70
  0.080  -0.064   8.542  -0.023   0.0160    4.7007e-06 5    0   0  0    0.772    0.0054    3.70
  0.083  -0.066   8.543  -0.024   0.0160    4.7007e-06 5    0   0  0    0.812    0.0054    3.70
  0.085  -0.068   8.545  -0.025   0.0160    4.7007e-06 5    0   0  0    0.852    0.0054    3.70
  0.088  -0.070   8.546  -0.026   0.0160    4.7007e-06 5    0   0  0    0.893    0.0054    3.70
  0.090  -0.072   8.547  -0.026   0.0160    4.7007e-06 5    0   0  0    0.933    0.0054    3.70
  0.093  -0.074   8.548  -0.027   0.0160    4.7007e-06 5    0   0  0    0.973    0.0054    3.70
  0.095  -0.076   8.550  -0.028   0.0160    4.7007e-06 5    0   0  0    1.013    0.0054    3.70
  0.098  -0.078   8.551  -0.028   0.0160    4.7007e-06 5    0   0  0    1.053    0.0054    3.70
  0.100  -0.080   8.552  -0.029   0.0160    4.7007e-06 5    0   0  0    1.093    0.0054    3.70
  0.103  -0.082   8.554  -0.030   0.0160    4.7007e-06 5    0   0  0    1.133    0.0054    3.70
  0.105  -0.084   8.555  -0.031   0.0160    4.7007e-06 5    0   0  0    1.173    0.0054    3.70
  0.108  -0.086   8.556  -0.031   0.0160    4.7007e-06 5    0   0  0    1.213    0.0054    3.70
  0.110  -0.088   8.558  -0.032   0.0160    4.7007e-06 5    0   0  0    1.253    0.0054    3.70
  0.113  -0.090   8.559  -0.033   0.0160    4.7007e-06 5    0   0  0    1.293    0.0054    3.70
  0.115  -0.092   8.560  -0.034   0.0160    4.7007e-06 5    0   0  0    1.333    0.0054    3.70
  0.118  -0.094   8.562  -0.034   0.0160    4.7007e-06 5    0   0  0    1.373    0.0054    3.70
  0.120  -0.096   8.563  -0.035   0.0160    4.7007e-06 5    0   0  0    1.413    0.0054    3.70
  0.123  -0.098   8.564  -0.036   0.0160    4.7007e-06 5    0   0  0    1.453    0.0055    3.70
  0.125  -0.100   8.565  -0.036   0.0160    4.7007e-06 5    0   0  0    1.493    0.0055    3.70
  0.128  -0.102   8.567  -0.037   0.0160    4.7007e-06 5    0   0  0    1.533    0.0055    3.70
  0.130  -0.104   8.568  -0.038   0.0160    4.7007e-06 5    0   0  0    1.574    0.0055    3.70
  0.133  -0.106   8.569  -0.039   0.0160    4.7007e-06 5    0   0  0    1.614    0.0055    3.70
  0.135  -0.108   8.571  -0.039   0.0160    4.7007e-06 5    0   0  0    1.654    0.0055    3.70
  0.138  -0.110   8.572  -0.040   0.0160    4.7007e-06 5    0   0  0    1.694    0.0055    3.70
  0.140  -0.112   8.573  -0.041   0.0160    4.7007e-06 5    0   0  0    1.734    0.0055    3.70
  0.143  -0.114   8.575  -0.042   0.0160    4.7007e-06 5    0   0  0    1.774    0.0055    3.70
  0.145  -0.116   8.576  -0.042   0.0160    4.7007e-06 5    0   0  0    1.814    0.0055    3.70
  0.148  -0.118   8.577  -0.043   0.0160    4.7007e-06 5    0   0  0    1.854    0.0055    3.70
  0.150  -0.120   8.579  -0.044   0.0160    4.7007e-06 5    0   0  0    1.894    0.0055    3.70
  0.153  -0.122   8.580  -0.044   0.0160    4.7007e-06 5    0   0  0    1.934    0.0055    3.70
  0.155  -0.124   8.581  -0.045   0.0737    9.2793e-06 5  153   0  0    2.046    0.0055    3.70
  0.158  -0.126   8.582  -0.046   0.2633    8.8938e-05 5  153   0  0    2.468    0.0055    3.70
  0.160  -0.128   8.584  -0.047   0.7649    7.7702e-04 5  153   0  0    3.755    0.0055    3.70
  0.163  -0.130   8.585  -0.047   1.6167    3.5333e-03 5  153   0  0    6.737    0.0054    3.70
  0.165  -0.132   8.586  -0.048   2.4314    8.0389e-03 5  153   0  0   11.804    0.0054    3.70
  0.168  -0.134   8.588  -0.049   2.5888    9.1206e-03 5  153   0  0   18.089    0.0054    3.70
  0.170  -0.136   8.589  -0.050   1.9506    5.1591e-03 5  153   0  0   23.771    0.0054    3.70
  0.173  -0.138   8.590  -0.050   1.0430    1.4571e-03 5  153   0  0   27.519    0.0054    3.70
  0.175  -0.140   8.592  -0.051   0.4008    2.0864e-04 5  153   0  0   29.326    0.0054    3.70
  0.178  -0.142   8.593  -0.052   0.1178    1.8972e-05 5  153   0  0   29.975    0.0054    3.70
  0.180  -0.144   8.594  -0.052   0.0160    4.7007e-06 5    0   0  0   30.143    0.0054    3.70
  0.183  -0.146   8.596  -0.053   0.0160    4.7007e-06 5    0   0  0   30.183    0.0054    3.70
  0.185  -0.148   8.597  -0.054   0.0160    4.7007e-06 5    0   0  0   30.223    0.0054    3.70
  0.188  -0.150   8.598  -0.055   0.0160    4.7007e-06 5    0   0  0   30.263    0.0054    3.70
  0.190  -0.152   8.599  -0.055   0.0160    4.7007e-06 5    0   0  0   30.303    0.0054    3.70
  0.193  -0.154   8.601  -0.056   0.0160    4.7007e-06 5    0   0  0   30.343    0.0054    3.70
  0.195  -0.156   8.602  -0.057   0.0160    4.7007e-06 5    0   0  0   30.383    0.0054    3.70
  0.198  -0.158   8.603  -0.058   0.0160    4.7007e-06 5    0   0  0   30.423    0.0054    3.70
  0.200  -0.160   8.605  -0.058   0.0160    4.7007e-06 5    0   0  0   30.463    0.0054    3.70
  0.203  -0.162   8.606  -0.059   0.0160    4.7007e-06 5    0   0  0   30.503    0.0054    3.70
  0.205  -0.164   8.607  -0.060   0.0160    4.7007e-06 5    0   0  0   30.543    0.0054    3.70
  0.208  -0.166   8.609  -0.060   0.0160    4.7007e-06 5    0   0  0   30.583    0.0054    3.70
  0.210  -0.168   8.610  -0.061   0.0160    4.7007e-06 5    0   0  0   30.624    0.0054    3.70
  0.213  -0.170   8.611  -0.062   0.0160    4.7007e-06 5    0   0  0   30.664    0.0054    3.70
  0.215  -0.173   8.613  -0.063   0.0160    4.7007e-06 5    0   0  0   30.704    0.0054    3.70
  0.218  -0.175   8.614  -0.063   0.0160    4.7007e-06 5    0   0  0   30.744    0.0054    3.70
  0.220  -0.177   8.615  -0.064   0.0160    4.7007e-06 5    0   0  0   30.784    0.0054    3.70
  0.223  -0.179   8.617  -0.065   0.0160    4.7007e-06 5    0   0  0   30.824    0.0054    3.70
  0.225  -0.181   8.618  -0.066   0.0160    4.7007e-06 5    0   0  0   30.864    0.0054    3.70
  0.228  -0.183   8.619  -0.066   0.0160    4.7007e-06 5    0   0  0   30.904    0.0054    3.70
  0.230  -0.185   8.620  -0.067   0.0160    4.7007e-06 5    0   0  0   30.944    0.0054    3.70
  0.233  -0.187   8.622  -0.068   0.0160    4.7007e-06 5    0   0  0   30.984    0.0054    3.70
  0.235  -0.189   8.623  -0.068   0.0160    4.7007e-06 5    0   0  0   31.024    0.0054    3.70
  0.238  -0.191   8.624  -0.069   0.0160    4.7007e-06 5    0   0  0   31.064    0.0054    3.70
  0.240  -0.193   8.626  -0.070   0.0160    4.7007e-06 5    0   0  0   31.104    0.0054    3.70
  0.243  -0.195   8.627  -0.071   0.0160    4.7007e-06 5    0   0  0   31.144    0.0054    3.70
  0.245  -0.197   8.628  -0.071   0.0160    4.7007e-06 5    0   0  0   31.184    0.0054    3.70
  0.248  -0.199   8.630  -0.072   0.0160    4.7007e-06 5    0   0  0   31.224    0.0054    3.70
  0.250  -0.201   8.631  -0.073   0.0160    4.7007e-06 5    0   0  0   31.264    0.0054    3.70
  0.253  -0.203   8.632  -0.074   0.0160    4.7007e-06 5    0   0  0   31.305    0.0053    3.70
  0.255  -0.205   8.634  -0.074   0.0160    4.7007e-06 5    0   0  0   31.345    0.0053    3.70
  0.258  -0.207   8.635  -0.075   0.0160    4.7007e-06 5    0   0  0   31.385    0.0053    3.70
  0.260  -0.209   8.636  -0.076   0.0160    4.7007e-06 5    0   0  0   31.425    0.0053    3.70
  0.263  -0.211   8.637  -0.077   0.0160    4.7007e-06 5    0   0  0   31.465    0.0053    3.70
  0.265  -0.213   8.639  -0.077   0.0160    4.7007e-06 5    0   0  0   31.505    0.0053    3.70
  0.268  -0.215   8.640  -0.078   0.0160    4.7007e-06 5    0   0  0   31.545    0.0053    3.70
  0.270  -0.217   8.641  -0.079   0.0160    4.7007e-06 5    0   0  0   31.585    0.0053    3.70
  0.273  -0.219   8.643  -0.079   0.0160    4.7007e-06 5    0   0  0   31.625    0.0053    3.70
  0.275  -0.221   8.644  -0.080   0.0160    4.7007e-06 5    0   0  0   31.665    0.0053    3.70
  0.278  -0.223   8.645  -0.081   0.0160    4.7007e-06 5    0   0  0   31.705    0.0053    3.70
  0.280  -0.225   8.647  -0.082   0.0160    4.7007e-06 5    0   0  0   31.745    0.0053    3.70
  0.283  -0.227   8.648  -0.082   0.0160    4.7007e-06 5    0   0  0   31.785    0.0053    3.70
  0.285  -0.229   8.649  -0.083   0.0160    4.7007e-06 5    0   0  0   31.825    0.0053    3.70
  0.288  -0.231   8.651  -0.084   0.0160    4.7007e-06 5    0   0  0   31.865    0.0053    3.70
  0.290  -0.233   8.652  -0.085   0.0160    4.7007e-06 5    0   0  0   31.905    0.0053    3.70
  0.293  -0.235   8.653  -0.085   0.0160    4.7007e-06 5    0   0  0   31.945    0.0053    3.70
  0.295  -0.237   8.654  -0.086   0.0160    4.7007e-06 5    0   0  0   31.986    0.0052    3.70
  0.298  -0.239   8.656  -0.087   0.0160    4.7007e-06 5    0   0  0   32.026    0.0052    3.70
  0.300  -0.241   8.657  -0.087   0.0160    4.7007e-06 5    0   0  0   32.066    0.0052    3.70
  0.303  -0.243   8.658  -0.088   0.0160    4.7007e-06 5    0   0  0   32.106    0.0052    3.70
  0.305  -0.245   8.660  -0.089   0.0160    4.7007e-06 5    0   0  0   32.146    0.0052    3.70
  0.308  -0.247   8.661  -0.090   0.0160    4.7007e-06 5    0   0  0   32.186    0.0052    3.70
  0.310  -0.249   8.662  -0.090   0.0160    4.7007e-06 5    0   0  0   32.226    0.0052    3.70
  0.313  -0.251   8.664  -0.091   0.0160    4.7007e-06 5    0   0  0   32.266    0.0052    3.70
  0.315  -0.253   8.665  -0.092   0.0160    4.7007e-06 5    0   0  0   32.306    0.0052    3.70
  0.318  -0.255   8.666  -0.093   0.0160    4.7007e-06 5    0   0  0   32.346    0.0052    3.70
  0.320  -0.257   8.668  -0.093   0.0160    4.7007e-06 5    0   0  0   32.386    0.0052    3.70
  0.323  -0.259   8.669  -0.094   0.0160    4.7007e-06 5    0   0  0   32.426    0.0052    3.70
  0.325  -0.261   8.670  -0.095   0.0160    4.7007e-06 5    0   0  0   32.466    0.0052    3.70
  0.328  -0.263   8.671  -0.095   0.0160    4.7007e-06 5    0   0  0   32.506    0.0052    3.70
  0.330  -0.265   8.673  -0.096   0.0160    4.7007e-06 5    0   0  0   32.546    0.0051    3.70
  0.333  -0.267   8.674  -0.097   0.0160    4.7007e-06 5    0   0  0   32.586    0.0051    3.70
  0.335  -0.269   8.675  -0.098   0.0160    4.7007e-06 5    0   0  0   32.626    0.0051    3.70
  0.338  -0.271   8.677  -0.098   0.0160    4.7007e-06 5    0   0  0   32.667    0.0051    3.70
  0.340  -0.273   8.678  -0.099   0.0160    4.7007e-06 5    0   0  0   32.707    0.0051    3.70
  0.343  -0.275   8.679  -0.100   0.0160    4.7007e-06 5    0   0  0   32.747    0.0051    3.70
  0.346  -0.277   8.681  -0.101   0.0160    4.7007e-06 5    0   0  0   32.787    0.0051    3.70
  0.348  -0.279   8.682  -0.101   0.0160    4.7007e-06 5    0   0  0   32.827    0.0051    3.70
  0.351  -0.281   8.683  -0.102   0.0160    4.7007e-06 5    0   0  0   32.867    0.0051    3.70
  0.353  -0.283   8.685  -0.103   0.0160    4.7007e-06 5    0   0  0   32.907    0.0051    3.70
  0.356  -0.285   8.686  -0.103   0.0160    4.7007e-06 5    0   0  0   32.947    0.0051    3.70
  0.358  -0.287   8.687  -0.104   0.0160    4.7007e-06 5    0   0  0   32.987    0.0051    3.70
  0.361  -0.289   8.689  -0.105   0.0160    4.7007e-06 5    0   0  0   33.027    0.0051    3.70
  0.363  -0.291   8.690  -0.106   0.0160    4.7007e-06 5    0   0  0   33.067    0.0050    3.70
  0.366  -0.293   8.691  -0.106   0.0160    4.7007e-06 5    0   0  0   33.107    0.0050    3.70
  0.368  -0.295   8.692  -0.107   0.0160    4.7007e-06 5    0   0  0   33.147    0.0050    3.70
  0.371  -0.297   8.694  -0.108   0.0160    4.7007e-06 5    0   0  0   33.187    0.0050    3.70
  0.373  -0.299   8.695  -0.109   0.0160    4.7007e-06 5    0   0  0   33.227    0.0050    3.70
  0.376  -0.301   8.696  -0.109   0.0160    4.7007e-06 5    0   0  0   33.267    0.0050    3.70
  0.378  -0.303   8.698  -0.110   0.0160    4.7007e-06 5    0   0  0   33.307    0.0050    3.70
  0.381  -0.305   8.699  -0.111   0.0160    4.7007e-06 5    0   0  0   33.347    0.0050    3.70
  0.383  -0.307   8.700  -0.111   0.0160    4.7007e-06 5    0   0  0   33.388    0.0050    3.70
  0.386  -0.309   8.702  -0.112   0.0160    4.7007e-06 5    0   0  0   33.428    0.0050    3.70
  0.388  -0.311   8.703  -0.113   0.0160    4.7007e-06 5    0   0  0   33.468    0.0049    3.70
  0.391  -0.313   8.704  -0.114   0.0160    4.7007e-06 5    0   0  0   33.508    0.0049    3.70
  0.393  -0.315   8.706  -0.114   0.0160    4.7007e-06 5    0   0  0   33.548    0.0049    3.70
  0.396  -0.317   8.707  -0.115   0.0160    4.7007e-06 5    0   0  0   33.588    0.0049    3.70
  0.398  -0.319   8.708  -0.116   0.0160    4.7007e-06 5    0   0  0   33.628    0.0049    3.70
  0.401  -0.321   8.709  -0.117   0.0160    4.7007e-06 5    0   0  0   33.668    0.0049    3.70
  0.403  -0.323   8.711  -0.117   0.0160    4.7007e-06 5    0   0  0   33.708    0.0049    3.70
  0.406  -0.325   8.712  -0.118   0.0160    4.7007e-06 5    0   0  0   33.748    0.0049    3.70
  0.408  -0.327   8.713  -0.119   0.0160    4.7007e-06 5    0   0  0   33.788    0.0049    3.70
  0.411  -0.329   8.715  -0.120   0.0160    4.7007e-06 5    0   0  0   33.828    0.0049    3.70
  0.413  -0.331   8.716  -0.120   0.0160    4.7007e-06 5    0   0  0   33.868    0.0049    3.70
  0.416  -0.333   8.717  -0.121   0.0160    4.7007e-06 5    0   0  0   33.908    0.0048    3.70
  0.418  -0.335   8.719  -0.122   0.0160    4.7007e-06 5    0   0  0   33.948    0.0048    3.70
  0.421  -0.337   8.720  -0.122   0.0160    4.7007e-06 5    0   0  0   33.988    0.0048    3.70
  0.423  -0.339   8.721  -0.123   0.0160    4.7007e-06 5    0   0  0   34.028    0.0048    3.70
  0.426  -0.341   8.723  -0.124   0.0160    4.7007e-06 5    0   0  0   34.069    0.0048    3.70
  0.428  -0.343   8.724  -0.125   0.0160    4.7007e-06 5    0   0  0   34.109    0.0048    3.70
  0.431  -0.345   8.725  -0.125   0.0160    4.7007e-06 5    0   0  0   34.149    0.0048    3.70
  0.433  -0.347   8.726  -0.126   0.0160    4.7007e-06 5    0   0  0   34.189    0.0048    3.70
  0.436  -0.349   8.728  -0.127   0.0160    4.7007e-06 5    0   0  0   34.229    0.0048    3.70
  0.438  -0.351   8.729  -0.128   0.0160    4.7007e-06 5    0   0  0   34.269    0.0047    3.70
  0.441  -0.353   8.730  -0.128   0.0160    4.7007e-06 5    0   0  0   34.309    0.0047    3.70
  0.443  -0.355   8.732  -0.129   0.0160    4.7007e-06 5    0   0  0   34.349    0.0047    3.70
  0.446  -0.357   8.733  -0.130   0.0160    4.7007e-06 5    0   0  0   34.389    0.0047    3.70
  0.448  -0.359   8.734  -0.130   0.0160    4.7007e-06 5    0   0  1   34.429    0.0047    3.70
